0   69.6741   110.171   147.146   183.253   223.002
400   69.6741   110.171   147.146   183.253   223.002
500   69.6741   110.171   147.146   183.091   223.002
600   69.6741   110.171   147.146   183.091   223.002
700   69.6741   109.893   147.146   183.091   223.19
800   69.6741   109.893   147.146   182.831   223.19
900   69.6741   109.893   147.146   182.831   223.19
1000   69.6741   109.893   147.146   182.831   223.19
1100   69.6741   109.893   147.146   182.831   223.19
1200   69.6741   109.893   147.146   182.831   222.832
1300   69.2904   109.893   147.146   182.831   222.832
1400   69.6761   109.893   147.146   182.831   222.832
1500   69.6761   109.893   147.146   183.242   222.832
1600   69.6761   109.893   147.617   183.242   222.832
