0   70.8124   110.465   148.418   184.337   224.411
400   70.7935   110.566   148.418   184.337   224.406
500   70.9847   110.659   148.418   184.337   224.333
600   70.9847   110.659   148.418   184.425   224.333
700   70.9847   110.659   148.418   184.425   224.333
800   70.9847   110.659   148.418   184.425   224.522
900   70.9847   110.659   148.418   184.425   224.522
1000   70.9847   110.659   148.418   184.425   224.668
1100   70.9847   110.659   148.679   184.425   224.668
1200   70.9847   110.659   148.679   184.425   224.668
1300   70.9847   110.659   148.679   184.425   224.668
1400   70.9847   110.659   148.679   184.425   224.668
1500   70.9847   110.659   148.416   184.425   224.668
1600   70.9847   110.919   148.416   184.425   224.668
