0   69.8473   110.901   147.829   186.693   229.176
400   69.8473   110.901   147.829   186.693   228.956
500   69.8473   110.901   147.829   186.693   228.956
600   69.8495   110.901   147.829   186.693   228.956
700   69.8495   110.901   147.829   185.731   228.956
800   69.8495   112.215   147.829   185.731   228.775
900   69.8495   112.215   147.829   186.85   228.775
1000   69.8495   112.215   147.829   186.85   227.401
1100   69.8495   112.215   149.289   186.85   227.401
1200   68.517   110.448   149.289   186.85   227.401
1300   68.517   110.448   147.648   185.352   227.401
1400   68.517   112.386   147.648   185.352   225.687
1500   70.1789   112.386   147.648   185.352   227.447
1600   70.1789   112.386   147.648   185.352   227.447
