0   70.7599   110.872   148.072   184.235   224.837
400   70.7599   110.872   148.072   184.235   224.837
500   70.7599   110.872   148.072   183.954   224.809
600   70.7599   110.872   148.072   183.954   224.809
700   70.7599   111.37   148.072   183.954   224.809
800   70.7599   111.37   148.072   184.459   224.809
900   70.7599   111.37   148.072   184.459   224.809
1000   70.7599   110.729   148.072   184.459   224.809
1100   70.7599   110.729   148.072   184.459   224.809
1200   70.7599   110.729   148.072   184.459   224.109
1300   70.7599   110.729   148.072   184.459   224.109
1400   70.7599   110.729   148.851   184.459   224.942
1500   71.5822   110.729   148.851   183.618   224.942
1600   71.5822   110.729   148.851   183.618   224.942
