0   67.3711   109.749   147.371   183.687   223.378
400   67.2755   109.749   147.371   183.687   223.378
500   67.2003   109.749   147.371   183.687   223.378
600   67.2896   109.576   147.371   183.687   223.49
700   67.0659   109.576   147.371   183.687   223.388
800   67.0659   109.576   147.371   183.687   223.388
900   67.0659   109.576   147.371   183.57   223.511
1000   67.0659   109.576   147.371   183.57   223.511
1100   67.0659   109.737   147.371   183.57   223.511
1200   67.0659   109.737   147.371   183.57   223.511
1300   66.8859   109.737   147.135   183.57   223.745
1400   66.8859   109.737   147.135   183.57   223.745
1500   66.8859   109.737   147.135   183.57   223.745
1600   67.1007   109.737   147.135   183.57   223.745
