0   68.0775   110.327   148.221   185.833   228.888
400   68.0775   110.327   148.221   185.833   229.003
500   68.0775   110.588   148.221   185.833   229.003
600   68.0775   109.975   148.221   185.833   229.003
700   68.0775   109.975   148.221   185.833   229.003
800   68.0775   109.713   148.221   185.611   229.003
900   68.0775   109.713   148.221   185.611   228.755
1000   68.328   109.713   148.221   185.611   228.755
1100   68.328   109.713   148.221   185.611   228.755
1200   68.328   109.713   148.221   185.611   228.755
1300   68.328   109.713   148.221   185.611   229.1
1400   68.328   109.334   148.221   185.611   229.1
1500   68.328   109.334   147.765   185.611   229.1
1600   68.328   109.334   147.765   186.013   229.1
