0   69.2358   110.36   146.032   183.779   223.569
400   69.2358   110.36   146.032   183.779   223.569
500   69.2358   110.36   146.032   183.136   223.569
600   69.2216   110.36   146.032   183.136   222.846
700   69.2216   110.36   146.895   183.975   222.846
800   69.2216   111.425   146.895   183.975   223.776
900   69.2216   111.425   146.895   183.975   223.776
1000   69.2216   110.152   146.895   183.975   222.662
1100   68.0659   110.152   146.895   182.722   222.662
1200   68.0659   110.152   145.583   182.722   222.662
1300   68.0659   110.152   145.583   182.722   222.662
1400   68.0659   110.152   145.583   182.722   222.662
1500   68.0659   110.152   145.583   182.722   222.662
1600   69.5896   112.008   145.583   184.409   222.662
