0   67.9713   112.356   150.643   188.264   234.22
400   67.9713   112.326   150.643   188.369   234.197
500   67.9713   112.326   150.643   188.369   234.197
600   67.9319   112.326   150.643   188.369   234.197
700   67.9319   112.326   150.643   188.369   234.197
800   67.9319   112.326   150.643   188.369   234.332
900   67.9319   112.326   150.643   188.369   234.388
1000   67.9319   112.326   150.643   188.369   234.388
1100   67.9319   112.326   150.643   188.369   234.388
1200   68.0044   112.326   150.643   188.369   234.388
1300   68.0044   112.326   150.643   188.369   234.635
1400   68.0044   112.326   150.643   188.369   234.635
1500   68.0044   112.326   150.534   188.535   234.635
1600   68.0044   112.326   150.534   188.535   234.635
