0   69.0164   109.694   147.777   184.2   227.462
400   69.0164   109.694   147.777   184.439   227.462
500   69.0164   109.694   147.777   184.439   227.462
600   69.3715   109.694   147.777   184.439   227.146
700   69.3715   109.694   147.777   184.439   227.146
800   69.3715   109.694   147.777   184.439   227.146
900   69.3715   109.033   147.777   184.439   227.146
1000   69.3715   109.033   147.777   183.889   227.146
1100   69.3715   109.809   147.777   183.889   227.146
1200   69.3715   109.809   147.777   183.889   227.146
1300   69.3715   109.809   147.777   183.889   227.126
1400   69.3715   109.809   147.777   183.889   227.126
1500   69.3715   109.809   146.986   184.685   227.126
1600   69.3715   109.809   147.874   184.685   227.126
