Theta: 63.0159   ErrTheta: 0.231039
42.4736	37.3987	34.3921	39.21	45.4784	
0.204902	
0.18042	
0.165915	
0.189158	
0.219398	Theta: 63.0159   ErrTheta: 0.231039
42.4736	37.3987	34.3921	39.21	45.4784	
0.204902	
0.18042	
0.165915	
0.189158	
0.219398	Theta: 63.0159   ErrTheta: 0.231039
42.4736	37.3987	34.3921	39.21	45.4784	
0.204902	
0.18042	
0.165915	
0.189158	
0.219398	Theta: 63.0159   ErrTheta: 0.231039
42.4736	37.3987	34.3921	39.21	45.4784	
0.204902	
0.18042	
0.165915	
0.189158	
0.219398	Theta: 63.0159   ErrTheta: 0.231039
42.4736	37.3987	34.3921	39.21	45.4784	
0.204902	
0.18042	
0.165915	
0.189158	
0.219398	Theta: 63.0159   ErrTheta: 0.231039
42.4736	37.3987	34.3921	39.21	45.4784	
0.204902	
0.18042	
0.165915	
0.189158	
0.219398	