     FWHM3 - FWHM2
V_{THGEM}	All evts	TCutG		Offset corr.		slit row4		slit row0 & row4
160		4.24521		0.479411	0.479411		-0.0952677		-0.0863928
err		0.0947667	0.0220536	0.0220536		0.023059		0.0240661
170		4.10413		0.911336	0.911336		0.287191		0.30555
err		0.104299	0.0232642	0.0232642		0.0242677		0.0258649
180		3.96113		1.08412		1.08412			0.17633			0.204525
err		0.112388	0.0402684	0.0402684		0.0445187		0.0515472

Run52
160		2.01467		0.194717	0.194717		-0.416358		-0.419993
err		0.214899	0.0371979	0.0371979		0.0405151		0.0425884

Run65
160		3.78437		0.00761894	0.00761894		-0.708616		-0.709093
err		0.0458773	0.0120857	0.0120857		0.013387		0.0143447

Run76
160		3.87975		-0.0761533	-0.0761533		-0.703918		-0.694278
err		0.0228571	0.00563921	0.00563921		0.00647591		0.00724839
