     FWHM3 - FWHM2
V_{THGEM}	All evts	TCutG		Offset corr.		slit row4		slit row0 & row4
160		4.24521		0.479411	0.479411		-0.113329		-0.0567781
err		0.0947667	0.0220536	0.0220536		0.0307176		0.0407002
170		4.10413		0.911336	0.911336		0.186187		0.187287
err		0.104299	0.0232642	0.0232642		0.0323401		0.0440791
180		3.96113		1.08412		1.08412			0.163127		0.323563
err		0.112388	0.0402684	0.0402684		0.061964		0.0965537

Run52
160		2.01467		0.194717	0.194717		-0.498492		-0.47364
err		0.214899	0.0371979	0.0371979		0.0531159		0.0679889

Run65
160		3.78437		0.00761894	0.00761894		-0.780709		-0.78133
err		0.0458773	0.0120857	0.0120857		0.0178421		0.0244889

Run76
160		3.87975		-0.0761533	-0.0761533		-0.767346		-0.769428
err		0.0228571	0.00563921	0.00563921		0.00870033		0.0127578
