     FWHM3 - FWHM2
V_{THGEM}	All evts	TCutG		Offset corr.		slit row4		slit row0 & row4
160		4.24521		0.479411	0.479411		-0.217662		-0.0993915
err		0.0947667	0.0220536	0.0220536		0.0439076		0.0835853
170		4.10413		0.911336	0.911336		0.166396		0.179973
err		0.104299	0.0232642	0.0232642		0.0444937		0.0813522
180		3.96113		1.08412		1.08412			0.159054		0.539313
err		0.112388	0.0402684	0.0402684		0.0899758		0.199979

Run52
160		2.01467		0.194717	0.194717		-0.557253		-0.583117
err		0.214899	0.0371979	0.0371979		0.0728552		0.133764

Run65
160		3.78437		0.00761894	0.00761894		-0.776391		-0.824535
err		0.0458773	0.0120857	0.0120857		0.0249766		0.0471342

Run76
160		3.87975		-0.0761533	-0.0761533		-0.796759		-0.802947
err		0.0228571	0.00563921	0.00563921		0.0120983		0.0246214
