///////////////////////////////////////////////////////////////////////
//                                                                   //
//  This file contain the average values of the cl_padMult for each  //
//  Row of the gas tracker: it can be used to compare the diffusion  //
//  width (obtained by multiplying the average cl_padMult times 5.0) //
//  in order to understand the diffusion mechanism in a microscopic  //
//  picture.                                                         //
//                                                                   //
///////////////////////////////////////////////////////////////////////

Reference Run: 247;

4	6	5	5	5	50.3854
4	6	6	6	4	56.7362
3	6	6	7	7	59.8037
1	7	6	7	6	52.9413
3	4	3	3	4	28.622
4	7	5	6	5	44.6714
5	7	6	7	5	55.1612
7	8	8	8	3	61.7592
4	6	5	4	5	38.8504
5	5	6	6	5	50.1134
4	4	4	5	4	33.4347
6	6	6	8	8	60.5053
4	4	3	4	3	33.3903
4	5	3	4	4	34.4458
3	5	4	3	4	39.713
4	5	4	4	4	42.0174
4	4	4	3	3	36.3932
5	6	6	6	5	52.9278
5	6	6	7	5	55.3993
3	4	4	4	4	25.5839
3	4	4	4	4	34.814
4	5	4	5	4	41.0647
4	6	4	5	5	46.5557
3	6	6	6	5	53.536
5	6	5	4	5	48.5369
3	4	3	4	4	32.4839
5	6	6	7	6	55.9013
1	5	4	4	4	39.7928
3	5	5	4	4	42.9257
2	4	3	4	3	14.3046
4	5	5	4	4	37.3806
3	5	4	4	1	35.3759
7	8	7	8	9	61.0493
4	5	4	4	4	42.1726
1	4	3	3	4	11.1107
3	3	3	3	3	17.1593
4	5	4	4	4	39.0855
4	5	5	5	4	44.9703
4	6	5	5	5	49.0333
5	4	4	4	4	36.7714
4	3	4	3	3	23.5045
1	8	7	6	6	51.9666
3	4	4	4	4	33.0003
3	5	4	3	3	37.3804
8	7	7	9	1	62.1166
4	5	4	5	4	41.8201
4	4	3	5	4	26.2091
3	5	4	4	4	46.1668
4	6	5	5	5	43.8514
3	4	3	3	4	10.7018
6	6	6	7	7	56.5286
4	4	3	3	4	29.2271
4	5	4	4	3	46.3406
5	6	6	7	5	55.4475
4	4	3	3	4	24.6301
3	5	4	4	4	31.2261
5	6	5	7	6	56.7546
3	5	4	4	4	38.6203
4	4	3	3	4	23.6729
3	5	4	4	5	39.1548
4	6	7	7	4	55.707
3	4	3	4	3	20.347
4	4	3	4	4	15.8504
6	7	6	7	8	60.2962
5	5	4	4	4	40.216
3	4	3	4	3	33.0771
4	4	3	4	4	27.6384
3	6	5	4	4	42.6139
3	4	3	4	4	17.1033
4	6	6	6	5	57.0255
4	6	6	5	4	51.5053
5	7	6	8	7	59.5386
4	3	3	4	4	21.8448
2	5	4	4	4	37.8931
4	3	4	4	3	20.6065
3	5	4	4	4	34.3839
7	7	7	8	2	62.2587
3	5	4	5	4	41.6983
1	12	11	9	1	68.1643
3	6	6	7	4	54.366
1	4	3	4	4	10.7283
3	3	3	3	3	13.3376
3	4	3	4	4	21.9986
3	4	4	4	4	34.6441
5	6	6	6	5	47.2535
7	7	7	8	9	60.5978
5	6	5	6	5	49.7997
3	4	4	4	4	25.4993
1	12	10	11	5	67.768
3	6	6	7	3	55.8048
3	5	5	4	4	40.8722
2	4	3	3	3	7.13602
4	5	4	4	5	36.5178
5	7	6	7	6	55.8668
4	4	4	5	5	26.1386
3	5	4	3	4	40.0003
4	4	3	3	3	38.0171
5	6	5	6	5	53.3036
2	3	3	3	3	10.1963
5	6	6	7	4	54.9966
6	7	6	7	7	56.4896
3	4	3	4	3	19.4143
4	5	4	4	4	39.9315
4	7	5	5	5	52.0167
4	4	4	4	4	39.671
3	4	4	4	4	33.8213
3	4	3	3	3	37.5482
6	7	6	7	6	56.6643
5	7	7	8	9	60.572
4	6	5	5	5	44.3323
5	5	5	4	4	36.0965
5	6	6	6	6	56.8002
4	5	4	4	5	39.7494
3	5	4	4	4	38.369
3	4	3	3	4	17.63
5	6	6	7	6	56.2021
3	5	4	4	3	35.1649
2	4	3	4	3	12.1209
5	6	5	6	5	51.1382
3	5	4	4	4	38.518
3	5	3	3	4	36.1897
4	4	3	3	4	18.0905
4	5	4	4	4	42.6411
3	4	4	4	4	26.2333
4	5	4	4	4	38.2276
3	4	4	5	4	32.3977
3	5	3	4	3	34.6542
3	5	5	5	4	44.1324
3	4	4	4	4	26.6206
6	7	7	8	8	58.3232
3	4	3	5	4	18.0484
3	6	4	5	4	42.336
4	4	4	4	4	24.7254
3	3	3	3	3	12.2103
5	6	6	5	5	47.8541
3	4	4	4	4	24.271
4	5	4	4	4	15.3992
4	4	3	3	4	22.7945
5	6	5	5	5	49.4033
1	7	6	6	7	54.0498
5	5	4	5	4	42.8138
3	5	4	4	4	36.3949
3	6	5	5	4	46.2327
3	5	4	4	4	37.5383
1	6	5	6	6	56.083
7	8	7	8	9	60.7528
3	5	3	3	3	37.2466
4	4	4	4	4	31.6517
3	3	4	3	4	21.0619
1	3	3	3	3	6.58575
3	4	3	4	3	18.7827
4	5	4	4	4	38.076
5	6	6	6	7	58.9014
3	4	4	3	4	13.7836
4	6	5	5	4	49.8381
3	4	3	4	4	32.542
4	6	4	5	4	42.27
1	11	10	10	2	68.0471
4	4	4	4	4	29.3058
3	7	6	7	4	57.1679
3	5	6	6	5	52.0776
4	4	4	4	4	26.5864
6	6	7	8	9	58.74
4	5	4	4	4	40.5817
4	6	4	3	5	38.9106
2	6	5	5	4	48.7208
4	5	4	4	4	36.8307
2	3	3	3	3	8.23679
4	5	5	5	5	50.1269
3	6	4	4	5	41.4324
3	4	3	4	3	33.8527
5	6	5	6	5	43.2055
3	6	5	5	4	49.8745
4	6	6	5	5	51.1888
4	5	3	4	4	27.3001
4	6	5	4	4	48.2974
3	4	4	5	4	31.0064
1	4	3	4	3	9.80395
4	6	6	6	6	49.2162
4	5	5	5	5	49.9976
6	7	6	7	8	60.841
3	5	4	4	4	32.6933
4	6	5	4	4	37.8359
3	6	5	4	4	42.5628
5	6	5	6	6	56.6366
4	6	5	7	5	54.0534
3	3	3	4	4	22.7456
4	5	4	4	4	18.5117
3	4	3	4	3	15.8742
5	6	6	5	5	49.0223
4	6	5	5	5	46.3472
3	4	3	4	3	20.0026
3	3	4	4	4	30.2348
1	7	7	6	6	52.1025
4	6	5	5	5	49.4806
3	6	5	4	4	46.8282
3	5	4	4	4	35.1373
3	4	3	5	5	30.4661
3	4	3	3	4	30.9162
5	6	5	5	6	47.6945
4	5	4	4	4	37.2103
4	6	5	5	4	54.0133
2	7	7	6	6	52.1429
5	5	6	6	5	58.4288
13	5	3	4	3	28.3944
3	6	6	6	5	55.4752
3	4	4	5	4	30.9855
3	4	4	4	4	26.4093
4	5	4	4	4	35.4689
4	4	3	4	4	31.1651
3	4	3	4	4	29.3087
3	5	4	4	4	33.7055
4	6	5	5	5	39.7708
3	6	5	5	5	47.8282
4	3	3	4	4	25.3394
6	8	7	8	4	62.0048
2	5	5	4	3	46.4085
4	4	4	4	4	27.9229
3	4	3	4	4	23.9252
3	6	4	4	4	42.6156
3	6	5	5	5	48.7945
3	6	5	4	4	37.7349
4	5	5	4	4	40.6625
6	7	7	8	7	62.0351
4	5	4	4	4	18.7974
4	5	5	5	4	40.5275
5	6	6	6	5	46.6692
4	5	4	3	3	36.1277
4	5	5	6	5	46.6815
4	3	4	4	4	25.0013
2	4	3	4	4	11.1652
2	4	3	4	4	9.54525
4	3	3	4	3	23.1727
5	5	4	4	4	45.1331
4	6	6	6	4	51.8005
4	6	5	4	4	48.6552
4	4	4	4	4	32.276
4	6	6	7	5	56.9003
3	4	4	5	5	29.9529
4	5	4	4	4	42.1643
6	6	5	7	7	57.7971
4	4	4	4	2	27.0943
3	4	3	4	4	19.9774
5	6	6	7	6	58.6937
3	6	4	5	4	42.0196
3	5	4	4	4	37.9165
4	5	6	6	4	53.0147
5	6	6	7	8	58.5665
7	8	8	8	5	61.4709
3	5	4	5	5	30.7643
3	3	3	3	3	27.2814
4	4	4	4	5	24.0337
4	6	5	5	5	46.1141
4	7	6	7	5	54.6218
3	5	4	4	4	39.2317
4	6	5	5	4	44.2225
3	3	3	3	4	14.95
3	6	4	4	4	42.7982
5	7	7	8	8	61.2683
4	6	5	7	5	56.1884
1	4	3	3	3	15.9739
5	5	5	5	5	45.7149
1	4	3	4	4	31.2366
1	6	5	4	4	44.9707
1	6	5	4	2	38.6835
3	6	5	5	4	48.25
1	9	8	8	7	61.7037
3	4	4	4	3	18.6272
6	6	6	7	7	54.5065
6	7	7	8	8	58.0961
5	6	7	7	6	55.6525
4	6	5	5	4	37.2522
6	6	6	7	7	57.9644
5	6	6	6	5	49.702
4	3	4	4	4	19.0614
5	5	4	4	4	39.467
2	3	4	3	3	18.6705
5	5	5	5	5	54.5037
5	7	8	9	6	61.1413
4	6	6	5	5	49.5266
4	7	7	8	7	57.2314
4	6	5	5	4	48.846
4	5	5	5	4	35.5649
1	3	3	3	3	6.13747
5	7	6	8	7	58.4455
1	4	4	4	3	9.47025
6	7	6	7	6	56.1258
5	6	6	7	5	53.212
3	6	5	5	5	45.1767
4	6	5	4	5	39.4709
3	4	3	3	4	11.3129
4	5	5	5	4	47.3298
3	5	5	5	4	46.5703
3	6	5	4	5	39.2935
3	8	7	7	6	51.7673
3	4	3	2	3	9.47412
5	6	5	5	5	47.9754
4	4	4	4	4	39.9051
4	5	4	4	4	37.471
4	5	4	4	4	44.5236
3	5	4	4	4	31.9607
4	4	4	5	4	22.4
3	5	4	4	4	38.4639
3	6	4	4	4	42.195
4	5	4	4	4	37.1633
4	5	4	4	5	42.5601
4	6	5	6	4	50.12
5	6	6	7	5	56.4065
3	3	3	4	4	11.3043
4	6	4	4	5	41.2873
3	4	4	4	4	26.2218
6	7	7	8	8	59.6649
3	5	4	4	4	40.2533
1	8	7	7	6	58.0363
5	6	4	4	4	45.6897
6	7	6	8	6	61.3425
5	5	4	5	4	44.9689
4	6	5	7	5	56.6008
4	6	7	7	5	54.4226
3	3	3	4	3	17.8097
4	6	5	5	5	49.0887
3	6	5	5	4	51.4427
4	6	6	6	5	49.5655
3	4	4	5	4	32.4132
7	6	6	8	7	59.3066
4	5	4	4	3	36.0683
4	3	4	3	4	20.4286
6	7	7	9	10	59.3764
2	7	6	6	5	50.2659
4	6	5	4	4	49.2207
3	6	4	5	4	44.5669
2	5	5	5	3	42.0894
5	7	6	7	6	58.4021
5	7	7	7	7	58.2057
5	6	6	6	5	44.3743
3	4	3	4	3	18.4911
5	6	6	8	8	59.5631
4	5	3	3	3	37.6186
2	5	6	6	7	57.4814
3	3	3	3	3	10.9199
4	4	3	3	4	29.4041
3	6	5	5	5	41.358
3	5	4	5	2	27.1318
3	4	3	3	3	17.9339
1	5	4	4	4	35.8518
3	3	3	4	4	23.8962
2	8	6	5	4	51.2267
4	5	3	4	4	35.4459
4	6	6	7	5	51.7314
5	6	6	7	6	54.9272
7	6	6	6	6	54.3914
3	4	4	3	4	12.6019
4	4	4	4	4	24.1782
3	5	4	4	4	37.7885
3	4	2	3	3	10.1643
4	7	7	7	6	59.448
4	4	3	4	4	15.8202
5	5	5	5	5	51.5892
3	5	4	5	4	33.4618
1	8	6	6	5	52.8369
3	6	4	4	4	42.0903
4	6	5	6	4	52.5794
5	6	5	6	5	54.8665
4	5	5	3	4	41.0288
5	6	5	6	5	50.5599
3	4	3	3	2	8.56417
3	4	4	4	3	26.9896
3	4	4	5	4	33.7657
4	4	3	4	3	14.7201
4	5	5	5	5	42.7302
3	4	4	4	4	25.8315
7	8	7	7	8	60.5849
3	4	4	4	4	34.134
3	6	5	6	6	55.0027
4	4	3	4	4	29.3072
4	6	4	5	5	38.4249
4	4	3	3	3	25.085
5	7	6	7	4	53.6004
4	5	4	4	4	37.0924
3	4	4	4	4	25.787
4	4	3	4	3	31.7101
3	6	4	5	5	45.5849
5	6	5	7	5	55.5579
3	6	4	4	4	40.5006
3	4	3	3	4	18.4089
5	6	6	6	6	56.5235
3	4	4	5	4	23.5019
6	15	14	14	12	63.0475
3	4	4	4	3	28.5133
3	7	5	5	4	47.8895
4	7	5	6	5	45.0255
3	6	5	5	4	50.2511
4	5	3	4	4	42.367
6	6	6	7	7	57.3698
4	3	3	4	4	25.1599
1	8	6	6	5	50.1904
4	6	5	5	4	43.1899
3	4	4	3	4	8.87112
4	6	4	5	4	22.5246
3	4	3	4	3	19.3747
3	4	3	4	4	30.9839
5	6	5	6	6	55.6488
3	6	6	6	5	54.1572
4	4	4	4	4	22.6501
3	6	6	7	4	53.9171
5	6	5	5	5	48.2
2	6	5	5	4	48.2083
3	6	5	5	4	47.2867
4	5	4	4	4	42.0446
5	6	7	7	7	59.1564
4	6	5	6	6	56.6043
3	4	3	3	3	12.1037
3	5	4	4	4	43.3584
4	6	5	5	4	37.145
4	7	6	6	4	53.3648
4	5	4	5	3	42.4958
3	4	3	3	4	27.8433
3	5	4	4	2	15.0899
5	6	5	5	5	43.4059
4	5	4	4	4	18.8477
4	5	4	4	4	34.7361
3	5	4	4	4	35.5727
4	6	6	7	4	55.5667
4	4	4	3	4	32.9284
4	5	4	5	4	35.9083
3	7	6	5	4	51.2927
4	6	5	5	5	47.3612
3	5	4	5	5	13.7624
2	6	4	4	4	40.8635
4	5	4	5	5	42.5753
3	4	4	4	3	30.7158
3	3	3	3	3	20.2845
8	9	6	5	5	50.32
7	7	5	6	5	56.4259
3	4	3	4	4	12.0391
2	3	3	3	3	16.4425
1	7	6	5	5	51.0529
4	4	4	4	4	27.9621
4	4	4	4	4	28.0815
5	6	6	8	7	59.9907
4	6	6	5	5	47.1239
4	5	5	4	5	42.0838
1	6	5	5	5	47.832
5	6	6	6	6	44.9065
6	6	7	7	7	55.3039
5	6	6	5	5	51.3422
3	5	4	4	4	40.7921
3	5	4	5	4	34.0206
4	5	4	4	4	36.1504
3	4	3	4	3	19.9351
3	6	6	6	4	55.5218
3	6	5	5	4	44.1557
4	5	4	4	4	38.0397
4	5	5	5	5	46.049
3	4	4	4	4	26.5677
3	4	3	4	3	32.5852
6	7	6	6	3	52.7004
1	4	3	2	3	7.60892
6	6	6	6	7	58.6422
6	6	6	7	8	59.4739
4	6	6	5	5	51.9974
3	4	4	4	4	13.2385
5	6	6	6	5	52.3293
4	4	3	4	4	25.807
4	6	5	4	4	43.7735
4	5	5	5	5	49.5652
4	4	4	4	3	19.455
1	4	4	3	4	37.0121
5	7	6	7	6	52.4194
3	4	3	4	4	14.7536
1	4	3	3	3	22.1287
3	6	5	5	4	47.4771
5	6	5	5	5	47.1763
4	5	4	4	4	38.3424
4	4	4	5	5	30.1585
3	4	3	4	4	14.1348
3	5	4	3	4	39.8178
4	5	5	5	4	43.6571
6	6	7	7	7	59.0499
4	6	5	5	5	46.0269
3	6	3	5	5	41.8267
4	7	7	7	5	51.5882
3	5	4	5	4	36.1316
3	3	3	4	4	13.3131
6	6	6	6	7	58.9119
5	6	6	6	5	56.9752
3	4	3	4	3	15.3625
3	5	4	4	4	13.9323
6	6	6	7	7	60.7524
6	7	7	7	5	61.8935
4	5	5	5	4	43.9854
4	5	4	5	5	19.9275
4	5	5	5	5	47.812
3	4	3	4	3	15.6216
1	3	2	2	2	8.0421
4	6	4	5	4	42.2984
3	4	3	4	4	24.5917
3	4	3	4	4	22.5048
4	5	4	4	4	38.4986
3	4	4	4	4	27.974
6	7	7	8	9	60.2495
5	6	5	5	1	43.7491
5	7	6	7	6	56.4944
4	6	5	5	5	42.3362
4	4	4	4	3	23.9232
1	4	2	2	3	8.95885
4	6	6	6	6	52.9759
5	5	5	4	4	37.0559
3	6	5	5	4	46.2552
1	4	3	3	4	7.3928
4	3	4	4	3	22.7521
5	5	5	5	5	51.0027
3	4	3	4	4	14.8386
6	7	7	9	10	59.0878
4	4	4	5	4	30.3666
6	7	7	9	11	59.5979
4	6	6	6	5	52.2124
5	7	6	7	6	54.8758
3	5	4	4	4	35.4861
4	4	3	3	3	15.6791
7	8	6	7	7	61.5787
5	7	6	8	7	57.2677
1	4	3	4	3	17.8112
3	6	4	4	5	41.2454
4	6	5	5	5	45.8339
4	6	5	5	5	51.1892
4	6	6	7	5	54.9812
5	6	6	6	7	58.2099
3	6	5	5	4	41.2253
5	6	6	7	5	56.8254
4	3	4	3	4	19.6498
4	6	5	5	4	49.4434
3	5	6	6	5	54.9468
4	5	5	5	5	47.056
4	5	4	4	4	42.8256
4	4	4	4	4	25.3033
3	4	3	4	3	16.3869
2	6	5	6	5	55.2868
3	5	4	4	4	39.0416
13	18	16	15	7	59.5332
3	5	4	4	4	14.0139
5	6	5	6	5	55.8814
7	7	7	8	7	60.242
2	4	4	4	4	12.7119
3	6	4	4	4	42.3663
2	6	5	5	4	45.6834
4	5	4	4	4	45.4782
6	7	8	9	7	57.7006
4	4	3	4	4	33.6141
4	6	6	6	4	53.4889
3	5	5	4	3	41.8919
3	4	4	5	4	20.672
5	7	6	8	6	58.3872
5	6	5	6	6	53.6678
6	8	7	8	6	62.3637
3	5	4	3	3	39.1905
5	6	7	7	5	57.1309
6	6	6	8	6	62.3351
4	5	4	4	4	44.1772
5	5	5	4	4	42.0988
5	6	6	7	6	57.5552
4	7	7	7	3	61.4962
3	6	4	5	4	43.9979
3	5	4	3	4	36.2826
2	8	6	6	6	50.7861
3	6	5	5	5	43.5828
4	6	6	6	5	54.166
3	4	4	4	4	35.2326
3	3	3	3	3	10.1617
5	5	5	6	5	43.2044
6	6	5	6	7	57.9349
3	5	3	4	4	36.8546
3	4	3	3	3	39.2182
3	5	4	4	4	40.9413
4	5	4	5	5	15.3922
3	5	5	4	4	40.151
3	4	3	4	4	30.1114
6	6	6	7	7	57.736
4	6	5	4	5	44.3718
4	5	4	5	4	42.9488
2	3	2	2	3	9.96549
13	16	15	17	9	61.6664
4	7	7	7	4	55.8644
4	4	3	4	3	30.5912
5	6	6	5	5	47.3156
4	6	5	4	4	46.8702
5	7	7	8	6	57.5429
3	4	4	3	4	33.5485
3	5	3	4	4	33.8236
4	4	4	3	4	21.074
11	11	7	8	7	62.4692
2	4	4	4	3	33.3592
4	6	4	4	4	39.0875
2	4	4	4	4	13.809
6	6	6	7	5	54.7391
1	4	4	4	3	9.77822
3	5	4	4	4	38.985
5	6	5	6	6	51.0601
2	4	4	3	4	12.6056
4	6	6	6	5	49.1994
4	4	3	4	3	14.487
6	6	7	7	6	59.4225
4	5	4	4	4	35.4611
4	5	5	4	4	40.5102
4	6	6	5	5	47.0824
3	4	3	4	4	33.9611
4	6	5	6	5	49.609
1	4	3	4	4	11.7276
7	7	7	8	5	61.6185
3	5	4	4	4	38.0864
3	6	5	4	4	46.2726
3	4	3	3	4	14.0641
5	6	6	5	5	52.2366
4	6	5	4	4	47.2304
4	5	4	4	4	39.2232
3	6	4	5	5	45.4116
3	4	4	4	4	22.8397
5	6	6	7	4	53.866
3	4	4	4	3	15.8102
4	6	5	6	5	51.6344
4	6	5	6	5	46.6308
2	9	6	5	4	48.3897
3	4	3	4	4	31.1998
3	4	3	4	4	30.5316
5	5	5	6	6	50.8904
1	3	3	3	3	16.858
3	4	4	5	4	30.6574
3	5	4	6	5	43.3546
4	6	5	5	5	46.0682
2	8	5	6	6	48.6028
4	5	4	4	4	37.3897
6	7	6	8	3	60.503
4	4	3	3	2	13.1516
5	7	7	8	8	61.5826
3	5	5	4	4	40.2763
4	7	6	7	5	53.0718
5	6	6	7	6	54.9369
5	7	6	8	6	56.5566
4	4	4	4	5	28.711
6	6	7	7	6	56.5309
4	5	4	5	5	43.7744
4	6	5	5	5	43.5553
4	4	3	3	4	23.0213
4	5	4	4	4	42.4464
3	6	5	4	5	45.8451
1	4	3	3	3	10.1007
5	5	5	4	4	40.7501
5	6	6	7	8	59.0581
4	5	5	5	4	43.3021
2	5	4	4	4	46.0602
4	6	4	4	4	40.0662
4	6	5	6	5	48.3408
6	6	6	7	9	59.1455
4	6	5	5	4	47.488
3	4	4	4	4	31.9166
3	5	4	5	4	15.6576
4	4	3	4	3	13.7616
1	8	6	6	5	51.3007
5	6	5	5	5	47.8269
3	6	6	5	5	47.8202
11	14	7	9	6	62.67
6	7	7	7	7	62.0632
4	4	3	3	3	10.7573
3	4	3	3	4	16.7772
4	6	7	8	5	57.2634
4	6	5	6	5	47.7953
4	4	4	3	3	36.056
3	6	6	6	5	49.3828
5	6	6	6	5	53.2147
5	7	7	7	8	60.9373
3	4	4	4	4	26.4286
4	5	5	4	4	45.3227
2	6	4	5	5	44.8157
3	4	4	4	1	24.9894
5	6	7	7	6	55.4029
4	4	3	4	4	21.0866
4	5	4	4	4	42.9878
4	4	3	4	4	32.081
4	5	4	4	4	35.5071
4	4	3	5	4	16.7462
5	5	6	6	6	57.8746
5	6	6	8	8	58.8882
4	4	3	4	4	22.8951
3	6	4	4	4	38.739
4	4	3	4	3	13.6924
4	5	4	4	3	37.1805
4	5	4	3	4	39.2311
3	6	5	6	5	49.642
3	4	3	4	4	26.3282
3	4	3	4	4	14.2366
2	4	3	4	4	16.6576
1	8	6	5	3	46.6074
4	6	6	5	5	48.3393
4	5	4	3	4	15.4846
4	3	3	4	4	23.9795
5	6	6	8	7	58.8972
5	7	6	7	6	54.9681
2	5	4	5	4	47.3929
5	6	5	6	5	50.4796
4	5	4	4	5	39.9017
5	6	6	6	3	53.7019
3	4	3	4	4	17.1827
4	5	4	4	4	41.3746
4	5	4	5	5	31.9971
5	6	5	5	5	45.4093
4	5	4	5	4	42.1336
3	4	4	4	4	26.1464
3	5	4	3	4	40.7439
5	6	5	6	6	56.4007
4	4	3	4	4	25.2212
4	5	4	4	4	38.1309
5	6	6	7	5	56.4547
2	9	8	7	8	52.4194
4	5	4	4	4	37.4774
4	4	4	3	3	23.5614
4	4	3	4	4	22.0971
4	5	6	7	5	55.1229
4	5	5	5	5	48.1829
7	7	7	8	6	61.5789
4	4	4	4	3	28.8595
4	6	4	5	5	40.9205
5	6	5	6	5	54.5296
7	14	12	9	8	67.1375
3	4	3	4	4	29.0019
4	5	4	4	5	38.0969
4	5	4	4	5	42.5928
4	5	4	4	5	40.6078
1	3	3	2	2	10.2644
5	6	6	6	6	51.7114
3	4	4	5	4	20.9092
3	4	3	3	4	11.4825
4	5	4	3	3	36.6128
4	6	4	4	4	41.4061
3	5	5	4	4	33.8248
4	5	4	4	5	42.7731
5	6	5	5	5	48.5631
6	8	7	7	6	61.8239
4	5	5	5	5	49.9423
5	6	5	6	5	48.9517
4	6	6	6	6	54.1517
5	6	7	7	6	56.355
6	7	6	8	6	60.5235
4	5	6	7	5	55.027
4	6	5	5	5	46.5574
3	4	4	4	5	41.2791
3	5	4	4	4	35.9227
4	5	4	4	3	39.8517
4	6	5	6	5	53.0237
5	6	6	7	5	56.1698
12	7	4	5	4	21.4756
4	5	5	6	7	58.237
4	4	4	3	3	36.0509
3	6	6	6	5	49.4821
4	6	6	7	5	52.7657
2	7	6	5	6	53.7062
5	6	7	10	6	60.586
6	7	6	7	6	56.7315
5	6	5	5	5	50.6201
4	5	4	4	5	41.029
3	5	4	4	4	33.6164
4	5	4	4	4	35.4087
1	10	9	10	11	65.9107
5	6	5	5	5	48.222
5	6	5	6	5	46.2713
1	6	5	6	6	56.7051
1	6	6	6	5	52.7285
6	6	6	7	7	59.5216
6	7	7	7	7	58.6918
3	4	3	3	3	25.6043
4	6	4	4	4	41.2028
4	5	3	4	4	9.46256
4	6	4	5	5	46.148
3	6	5	4	5	43.1495
4	6	5	5	4	39.8375
3	6	5	4	4	45.7755
1	3	3	4	4	12.0548
3	4	3	3	3	17.4288
3	5	4	5	5	33.3252
3	8	6	6	6	52.3774
4	4	4	4	4	26.9087
4	6	5	4	4	41.6836
3	6	5	4	4	37.4951
6	8	7	7	4	62.2181
6	6	6	7	6	57.1816
4	7	5	5	5	46.075
4	5	4	4	4	36.2584
1	7	7	6	6	50.7002
1	4	3	4	3	25.4154
4	6	5	5	4	44.0185
5	6	6	6	5	54.6229
5	6	5	5	4	46.7334
3	6	6	6	7	57.7812
3	5	5	5	4	48.202
5	5	5	5	5	54.125
4	5	4	5	4	31.0139
4	6	6	6	6	50.8403
4	6	5	5	4	46.4126
4	4	4	5	4	30.3788
4	4	4	4	4	21.1832
3	4	3	4	3	18.6594
2	7	6	5	5	49.5946
5	5	4	4	4	43.7638
4	7	7	7	6	59.2566
3	5	3	4	3	12.6183
1	7	6	6	6	52.41
4	6	4	4	5	40.6955
4	5	3	4	3	16.1632
3	4	4	4	3	36.3011
4	4	4	4	5	26.9099
3	3	4	4	4	21.3216
3	4	3	4	4	20.7505
6	7	6	7	7	59.1131
5	6	5	6	5	53.9875
2	4	3	3	3	11.1723
5	7	6	6	5	55.2143
4	5	5	4	4	41.1358
3	4	3	3	3	12.0965
4	5	4	4	4	34.7846
3	4	3	4	4	19.793
5	6	6	8	6	58.8379
5	6	5	7	5	57.0912
5	6	6	7	5	52.7388
5	6	4	5	4	45.8353
5	7	7	7	9	61.1333
4	4	4	4	4	22.917
3	6	4	4	4	39.8154
4	5	4	5	4	43.4168
5	6	5	5	5	47.8549
5	6	5	7	6	53.2178
6	6	6	6	6	56.958
3	4	3	4	3	20.3531
5	6	5	7	6	54.4183
6	6	6	7	6	56.1644
5	6	6	6	5	55.9905
4	5	4	4	4	33.82
5	5	5	6	5	49.9804
4	6	5	7	5	54.2171
4	6	5	5	4	48.5088
4	6	5	5	5	47.828
3	4	3	4	4	25.4451
1	3	3	3	4	29.0091
1	4	3	4	4	12.1421
4	4	4	5	4	28.2999
4	4	4	4	4	32.2905
1	4	3	3	3	8.7054
4	5	5	5	5	48.5419
4	5	4	4	5	41.5482
3	5	4	4	4	16.5087
4	5	5	4	4	35.4936
2	5	4	4	4	39.7029
3	4	4	3	4	34.314
5	6	5	5	4	49.1975
3	4	4	5	4	34.248
4	6	5	5	5	49.3914
5	6	6	6	5	52.62
4	6	5	6	4	48.4826
5	6	5	6	5	56.4644
5	6	6	6	5	46.4028
5	6	6	5	5	50.8256
6	6	6	9	9	60.0431
7	7	7	8	3	62.1639
4	6	4	4	5	43.6951
4	5	4	5	5	45.3923
3	4	3	5	4	31.016
4	4	3	3	4	34.0053
4	4	4	4	5	28.1731
3	4	3	3	3	10.5294
4	5	5	5	4	46.6826
4	4	4	4	4	36.3914
7	7	6	9	9	60.8879
4	4	3	4	4	16.0563
4	4	3	3	3	19.8943
3	5	4	4	4	11.5813
5	6	6	8	8	60.8895
4	6	4	4	4	42.039
3	4	4	5	4	33.1014
3	5	3	3	3	37.3199
5	7	6	6	5	56.6174
3	4	3	4	4	22.5271
4	4	4	4	4	32.0172
4	6	5	5	5	46.2486
3	4	4	4	3	15.9298
4	6	6	7	5	55.7187
1	4	3	2	3	9.51518
4	5	4	4	4	38.2733
6	7	7	7	8	61.5364
3	3	3	4	4	28.0831
4	4	4	4	4	27.5971
3	4	4	4	4	21.3005
4	6	6	6	5	48.7065
4	6	6	6	5	56.6546
5	6	5	6	6	58.6322
4	4	4	4	3	20.2581
1	8	7	6	1	59.2029
4	5	4	4	5	37.6378
2	7	6	5	3	47.6746
4	5	4	4	4	17.5053
4	4	3	4	4	21.1512
4	4	3	4	4	22.2442
6	8	7	10	2	60.6485
2	3	3	3	3	7.80525
3	3	3	2	3	10.0497
3	5	4	4	4	17.1535
7	7	6	8	5	62.2805
2	3	3	3	2	8.02327
3	4	4	5	4	34.4269
4	6	5	5	5	47.8244
4	6	5	6	5	47.9634
3	5	4	4	4	41.1885
4	4	3	4	3	14.2197
6	6	6	8	9	58.5619
3	6	5	4	5	37.0862
2	6	4	5	4	40.9524
4	6	5	5	4	48.0989
5	6	4	5	4	48.3733
1	4	3	4	4	11.9281
6	7	7	8	6	57.33
2	5	4	5	4	45.4047
4	3	3	4	4	24.4017
5	6	4	4	5	41.0451
2	4	3	3	3	10.3691
6	6	6	7	8	61.2005
4	3	3	4	4	20.7813
4	5	4	5	5	31.801
3	6	5	6	5	52.314
3	5	4	5	4	30.5799
4	6	6	7	4	51.4906
4	4	3	4	3	20.2297
7	7	7	6	5	57.1305
3	5	4	4	5	34.9027
5	5	5	6	5	49.911
3	5	4	3	4	37.0066
2	5	4	4	4	39.3887
7	12	11	12	11	61.0968
3	5	4	4	4	35.066
3	3	4	4	3	21.8442
3	4	3	3	4	17.642
4	6	6	5	4	50.6636
4	4	3	4	4	15.3388
5	6	6	6	6	53.5028
5	6	5	5	4	44.7273
4	5	4	4	4	34.8095
5	6	6	6	6	54.0448
1	4	3	3	4	11.2053
3	3	3	3	3	24.6452
4	5	4	4	4	41.3552
3	5	4	3	4	38.714
3	4	4	3	4	20.3679
4	6	5	5	4	45.3558
2	4	4	5	4	32.784
4	4	5	5	4	30.7833
4	5	5	4	4	40.8606
4	4	4	3	4	23.2321
3	4	4	4	4	26.2892
3	3	4	4	3	17.952
2	5	4	4	4	44.2402
4	5	4	4	3	37.0201
1	11	10	11	6	67.9085
3	4	3	4	4	33.3803
1	4	3	4	2	11.4096
4	5	4	4	4	33.4749
4	5	4	4	4	40.0314
3	4	4	3	3	25.452
1	4	3	3	3	7.45175
4	5	5	5	5	46.6403
3	5	4	3	4	37.9276
2	5	4	4	4	36.192
1	6	5	5	4	42.5308
5	5	6	6	5	56.0573
3	4	3	3	4	34.1743
3	4	4	5	2	23.3907
4	5	4	3	4	39.0182
3	6	5	5	4	44.5259
2	4	3	4	4	15.1375
3	3	2	2	3	9.5723
4	4	4	4	4	35.0843
1	9	8	5	4	50.8996
2	7	7	6	6	51.6103
4	5	5	4	4	44.0666
4	6	6	6	5	53.4827
3	3	3	3	3	14.7082
3	6	5	5	4	48.6956
5	7	7	7	7	59.3102
3	6	5	5	4	40.519
6	7	6	7	6	56.9166
3	4	3	4	4	19.9174
2	4	2	3	3	10.3821
5	6	7	7	5	54.3505
4	7	6	7	5	52.9144
4	5	5	5	5	50.7275
6	6	5	6	5	53.2981
3	3	3	3	3	12.4195
5	6	6	6	5	48.585
3	4	3	5	4	24.3732
5	6	6	6	5	56.0047
2	4	3	4	3	20.6091
3	6	4	5	4	42.9799
5	7	6	7	8	58.1872
6	7	7	8	10	59.8731
4	4	4	4	4	34.4415
3	6	5	7	3	56.6174
4	4	4	4	4	27.1748
4	5	4	4	4	40.9137
4	6	5	5	4	51.6278
5	7	8	9	9	60.0698
4	4	4	4	4	33.9271
4	7	5	5	5	48.4287
4	4	3	4	3	20.6032
1	8	7	6	5	50.3912
5	7	7	8	4	56.8666
3	6	6	7	7	58.0151
4	6	5	5	4	49.5554
3	3	3	4	4	24.3546
4	5	5	5	5	32.0779
5	6	7	8	7	57.4235
1	4	3	2	3	6.18566
4	6	6	8	6	58.6184
4	4	4	4	4	30.2435
5	6	5	5	5	47.3958
2	7	6	6	5	51.667
4	6	4	6	5	50.5053
5	5	4	3	4	39.8778
4	6	6	7	5	55.7223
5	6	6	5	5	51.5242
3	5	5	5	4	42.7183
3	4	4	5	4	31.0649
2	6	4	4	4	42.922
4	5	6	7	7	59.7877
4	6	4	4	4	41.1443
3	5	4	5	5	31.5864
6	6	6	7	7	57.8507
1	8	6	6	5	51.4996
2	5	4	4	4	42.0634
3	5	3	4	4	14.0067
2	6	4	5	4	42.0577
2	4	3	4	4	11.1033
2	5	4	4	3	38.296
3	6	4	5	5	43.6883
3	4	3	4	4	14.6454
7	7	6	8	8	61.2907
4	5	4	4	4	47.7395
3	4	4	4	4	33.5323
5	6	5	7	5	57.117
4	6	4	4	4	42.5757
5	6	6	6	6	51.3144
4	5	4	4	4	39.9856
1	6	6	6	8	56.1815
4	4	4	4	4	20.6735
3	4	4	4	4	36.3472
3	6	5	5	5	46.1284
3	4	3	3	3	16.7054
4	6	5	5	5	44.7401
4	4	4	4	4	30.1567
2	3	3	3	3	8.98033
3	6	5	5	5	45.3661
3	4	4	4	4	20.9137
5	7	7	8	1	63.1598
7	8	7	8	6	61.8899
4	5	5	4	5	42.3896
4	3	4	3	4	20.7346
1	5	4	3	4	36.9281
3	7	7	7	7	61.283
2	7	6	4	4	51.3449
3	6	5	6	4	51.2645
3	4	4	4	4	25.3387
3	6	6	5	4	49.1206
3	4	4	4	3	16.2011
4	6	5	6	6	51.3471
3	4	4	4	4	33.8463
4	6	6	6	6	55.1201
3	7	6	7	3	57.8254
3	4	3	3	4	31.282
11	17	17	14	6	59.645
4	6	6	6	4	55.6711
3	4	3	4	3	13.3383
4	3	3	4	4	24.114
4	6	4	4	5	40.1798
3	6	4	4	4	43.2051
3	6	5	5	4	48.8181
4	4	4	4	4	19.6183
5	6	6	8	7	58.2272
4	4	4	3	3	36.5378
2	4	3	4	4	10.5068
3	6	4	5	4	43.9495
4	3	3	4	3	17.7489
3	4	4	5	5	33.2854
5	7	6	6	7	60.0651
3	4	3	4	4	37.0148
1	6	5	4	5	47.7898
4	6	4	5	5	42.4013
3	4	3	4	4	31.953
1	7	6	6	5	51.5716
3	8	6	6	6	50.8958
3	5	4	5	4	14.645
4	5	3	4	4	32.6662
3	5	4	4	3	16.4281
3	4	4	3	3	11.3169
5	6	6	6	5	56.1736
4	5	4	4	4	43.3252
4	6	5	4	4	39.8674
1	6	6	7	7	57.5082
1	5	4	3	4	37.0382
5	6	6	6	5	52.3642
3	4	4	3	4	12.0172
4	7	7	8	4	57.8899
2	5	4	4	3	36.3743
4	4	4	4	3	34.7991
1	5	5	5	5	53.3394
2	4	4	3	4	18.4376
4	3	3	3	3	25.7811
3	4	4	4	3	16.9497
1	8	6	6	6	50.7632
3	5	4	4	4	13.7415
4	6	6	7	4	53.8322
1	5	4	4	4	38.3361
2	7	7	6	6	51.6139
4	4	3	4	3	30.6494
4	4	3	3	3	14.6073
3	4	3	3	4	10.4717
4	4	3	4	3	31.7604
2	4	4	4	4	34.2763
3	4	4	4	4	20.8046
3	7	6	7	4	58.2795
3	5	5	5	5	41.2738
5	5	5	4	5	50.1083
4	5	4	4	4	41.429
3	4	4	4	4	29.2669
4	4	3	3	4	18.8132
2	4	4	4	4	34.0776
3	4	3	4	4	17.778
5	7	7	10	8	60.1123
2	4	4	4	3	30.7935
3	4	4	4	4	20.3755
3	4	3	4	4	14.1625
5	7	7	7	6	54.0383
2	8	7	7	7	58.493
3	6	6	5	4	51.6419
4	7	7	8	7	58.9159
3	6	6	7	5	55.8822
1	4	4	4	4	7.94647
7	7	7	7	2	62.2506
4	5	4	5	5	43.3091
5	6	5	5	5	44.7827
4	4	4	4	3	29.4181
4	4	4	4	4	28.3133
15	20	14	10	8	51.7577
3	4	3	3	4	10.8732
3	3	3	3	4	10.6134
3	4	4	4	5	25.6985
4	6	4	5	4	43.4714
3	4	3	4	4	9.96689
3	3	4	4	4	19.3706
3	4	4	3	3	12.7495
3	7	5	6	4	51.7888
2	8	7	5	3	52.6401
6	7	6	8	6	57.307
3	3	4	4	3	30.4635
6	7	6	8	8	60.2583
5	6	5	5	5	50.2694
3	5	4	4	5	43.0125
3	4	4	4	3	35.1683
3	4	4	4	4	34.1127
2	4	3	2	3	4.57263
3	5	5	5	4	45.646
3	7	5	5	4	50.5433
3	4	4	4	3	18.6319
4	6	5	6	5	51.1563
4	4	4	4	4	27.527
3	5	4	5	4	43.6793
3	7	5	5	5	43.719
4	5	4	5	4	33.1336
3	4	4	4	4	35.6969
4	4	4	5	4	32.9278
2	8	7	6	5	52.1572
1	6	5	5	5	51.7132
4	6	5	6	5	50.2398
4	6	5	5	5	53.233
3	6	5	5	4	49.1135
4	6	5	5	4	46.5005
3	5	4	4	4	17.3647
4	4	4	4	4	18.7832
4	6	6	6	5	53.3582
4	4	4	4	4	33.1174
4	6	5	5	5	49.5329
4	6	6	6	5	54.0005
4	5	4	4	4	22.7135
3	5	4	5	4	42.0195
3	6	5	5	5	52.1089
3	5	4	4	4	42.1246
3	4	3	4	4	14.7552
5	7	7	7	9	59.6257
3	4	3	4	4	12.014
3	6	5	5	4	44.6947
2	6	5	5	4	51.3149
6	6	6	7	6	57.2107
3	3	3	4	4	11.4363
3	4	4	5	4	32.4095
2	4	4	4	4	25.0726
6	7	6	6	6	57.8677
4	4	3	3	5	26.2853
2	6	6	5	4	51.0929
3	5	4	4	4	38.0525
5	5	4	4	4	46.2479
4	4	4	4	5	26.5579
3	7	6	6	5	49.5818
3	3	4	4	3	19.7765
3	4	4	4	4	17.6504
3	5	4	3	4	32.7945
6	7	6	8	9	60.2575
4	6	5	5	4	48.3006
3	6	5	5	4	47.1752
3	5	4	5	4	44.0116
2	5	4	4	3	38.2588
3	4	3	4	4	22.8149
1	11	9	8	3	54.4576
3	3	3	3	4	15.1985
3	6	4	4	4	39.6844
1	3	3	3	3	6.12824
4	5	5	5	5	48.0796
4	3	3	3	3	25.1261
6	7	7	7	8	61.687
4	6	7	7	5	56.6711
5	18	15	10	4	70.0218
4	6	4	5	4	43.0744
3	6	4	4	4	39.1645
3	6	4	4	4	38.3215
1	6	5	5	4	47.1115
3	5	4	3	3	36.2794
3	6	6	7	4	55.773
3	4	4	4	4	18.2531
3	4	4	4	3	34.7987
5	8	7	8	6	64.687
3	5	4	3	4	40.9088
5	7	6	7	6	58.648
4	4	4	3	3	23.4148
3	6	6	5	4	46.4364
2	6	5	5	4	53.7768
3	6	5	4	4	49.0188
3	4	3	3	4	8.34855
8	8	7	9	7	64.5316
5	6	6	7	5	56.141
3	4	4	5	4	29.7978
3	5	4	4	4	38.7474
4	5	5	6	6	45.5244
4	6	7	7	5	56.9554
4	5	5	4	4	42.2268
3	4	4	4	4	26.9338
4	4	4	3	3	12.6838
3	4	3	3	3	14.0888
2	4	3	4	3	13.7029
2	7	5	5	5	46.4132
1	12	10	10	8	67.3341
1	7	6	6	5	55.7444
4	6	5	6	5	53.3703
3	5	4	4	4	40.8896
3	4	3	4	3	22.3435
2	3	3	3	3	7.13802
3	3	4	4	5	22.1207
3	4	4	4	4	25.9783
2	7	7	7	4	57.9735
1	6	5	5	3	45.5526
4	7	6	6	5	50.7733
4	4	4	4	4	44.1229
3	5	4	4	4	38.2864
3	4	4	4	3	18.5725
2	5	4	3	4	37.5319
4	5	5	5	4	50.8982
4	7	6	7	8	60.2603
4	4	3	3	4	29.4158
5	6	6	7	5	53.8162
1	4	4	4	4	8.21326
4	6	5	6	4	52.7854
3	6	4	5	4	42.33
14	16	14	13	7	56.2444
3	4	3	4	3	32.1377
4	6	5	6	5	51.9706
2	4	3	4	4	9.70877
4	3	3	4	3	23.6824
3	4	4	5	4	15.568
3	5	3	4	4	35.5837
3	5	4	4	4	13.3244
4	7	6	7	5	54.4719
4	6	6	6	6	54.2492
4	5	3	3	3	36.1158
5	7	7	8	1	62.2644
4	3	4	4	3	16.0998
4	6	5	5	4	45.8524
3	4	4	5	4	30.498
3	6	4	5	4	42.4359
4	6	6	6	4	54.0892
4	7	6	6	5	47.1511
3	6	4	5	4	49.8496
3	5	4	4	4	29.9705
4	5	4	4	4	43.9556
3	4	4	4	4	26.5641
3	4	4	5	4	11.1837
2	4	4	4	3	23.2218
4	6	6	7	4	57.4547
4	7	5	7	5	58.5379
1	9	9	9	9	65.9314
5	6	4	4	4	40.4964
4	6	5	5	4	48.9704
4	6	6	7	4	56.4173
3	5	5	4	4	36.1919
1	7	6	6	4	54.0002
4	6	5	6	5	53.0112
4	4	4	4	3	36.2662
5	7	6	7	8	58.5811
3	5	4	4	4	39.5036
3	4	3	4	4	30.167
4	6	4	4	4	46.8774
3	5	4	4	4	33.9862
3	4	4	4	4	18.9225
3	6	5	5	5	50.1416
3	6	5	4	4	42.8295
4	5	4	3	4	19.7942
4	5	3	3	4	37.6307
4	4	4	4	4	22.112
3	5	4	4	4	41.3842
6	8	8	10	9	58.4978
4	5	4	3	3	40.6929
5	6	6	6	5	51.2695
4	5	4	4	4	38.8908
3	4	3	4	3	13.3017
3	3	4	4	4	31.1999
5	6	6	8	6	57.6876
4	5	4	4	4	35.7372
3	6	5	5	4	46.3975
2	7	6	6	6	52.3605
3	6	4	5	4	44.4598
4	7	6	6	5	52.5148
3	6	4	4	3	43.4572
5	6	6	7	7	57.0868
3	3	3	4	4	23.026
4	5	5	4	5	48.0696
5	6	7	7	8	57.4977
4	3	3	3	3	18.7794
1	7	7	6	6	52.0665
2	5	4	4	3	36.0886
4	6	5	4	5	50.5197
5	5	6	7	5	55.6269
3	5	4	4	4	40.748
3	6	4	5	4	42.5649
5	6	7	8	8	60.4894
3	7	6	7	4	56.1231
2	4	4	5	4	27.7075
5	6	5	7	6	58.2836
3	5	4	4	3	41.2003
6	7	7	8	8	60.9845
4	3	4	3	4	22.8885
3	5	4	4	4	34.6434
1	4	3	4	4	8.06164
3	6	5	5	4	46.8023
3	4	3	4	4	12.0484
3	3	3	3	4	24.7133
4	6	4	4	3	33.6187
2	7	7	8	4	61.2327
4	4	4	4	4	16.3212
2	4	3	4	3	10.8513
3	4	4	5	4	26.4016
4	4	4	4	4	14.2965
2	4	3	4	4	33.1924
3	4	4	4	4	29.8464
6	7	7	9	8	61.3233
3	5	4	4	5	30.1724
5	8	6	7	2	57.3888
3	6	4	4	4	39.986
3	4	4	4	4	20.6064
3	4	4	4	4	32.3711
3	5	4	5	4	15.0678
3	4	3	4	3	29.9997
3	5	4	5	5	30.4969
3	5	4	5	1	30.6856
5	5	6	5	5	55.6706
1	3	3	10	7	64.2502
6	6	7	7	7	59.4858
2	11	11	12	5	68.1511
4	5	5	4	4	45.0703
5	6	5	5	5	48.8137
4	5	4	4	4	35.7063
4	5	5	5	5	46.7585
3	4	4	3	3	36.7034
4	6	5	6	5	50.7928
3	6	5	5	5	52.4241
3	4	3	4	3	15.3261
4	6	6	6	5	54.736
3	4	4	5	4	20.4123
3	6	5	5	5	45.67
3	6	5	5	4	40.9428
3	4	3	4	3	12.8557
4	4	3	4	3	20.392
3	5	4	4	3	35.4188
3	6	5	5	5	46.9047
3	4	4	4	3	34.5369
2	5	4	4	4	39.0203
2	6	5	5	4	47.7788
3	4	4	4	4	28.8124
4	4	4	4	4	11.333
4	6	8	9	3	61.0233
3	9	7	6	5	51.2272
3	5	5	5	4	45.4427
4	5	4	4	4	35.7578
3	4	4	4	5	19.5204
3	6	4	3	4	38.9144
4	5	4	4	4	35.2818
3	5	4	4	3	30.3666
4	6	5	5	5	48.3358
6	8	7	8	4	62.1411
3	4	3	4	4	37.3272
3	4	3	3	3	10.1566
3	6	5	5	4	44.7137
4	6	6	6	5	46.2448
4	3	3	3	4	25.0071
3	6	5	6	4	50.025
2	5	4	4	4	35.3063
3	5	5	4	3	37.5081
5	6	6	7	6	55.3425
5	6	6	7	6	58.8856
2	6	4	5	4	43.6431
5	6	6	7	7	57.3825
4	5	4	5	5	44.6383
4	6	4	4	4	42.2477
5	4	4	4	3	19.6957
4	5	4	3	3	38.9966
3	6	4	6	4	46.7162
4	4	4	4	3	23.7077
5	5	5	5	4	46.8188
3	4	3	4	3	20.1319
4	4	4	4	4	36.9647
4	5	3	3	4	41.2103
3	6	5	5	5	47.5215
4	3	3	4	4	27.7894
5	7	6	8	7	60.1354
6	6	6	8	9	58.7267
4	4	4	4	4	25.1519
4	3	3	4	3	27.5266
5	6	6	7	5	57.0921
5	7	7	7	8	60.2083
4	5	4	5	4	18.5775
4	7	5	5	4	48.8855
4	6	5	5	4	43.8576
4	4	3	4	3	21.1191
4	4	3	3	4	22.8696
1	7	6	5	4	48.3907
3	5	4	5	4	34.0813
3	4	3	3	4	17.351
2	4	2	3	3	10.0791
4	4	3	3	4	22.8993
6	7	6	8	7	61.8988
2	4	3	4	4	11.028
4	6	5	4	5	46.6694
2	5	5	5	4	43.6389
4	6	4	4	4	40.9427
5	6	6	8	7	58.1245
4	4	4	4	5	31.745
4	5	3	4	4	25.5441
2	4	3	4	4	17.007
4	4	4	4	4	27.8513
3	4	4	3	4	21.5653
4	5	4	4	4	41.2
3	4	3	4	4	14.1821
4	6	5	5	5	42.5539
3	5	4	4	4	36.8567
7	7	7	8	1	61.5662
3	4	4	4	5	13.8911
4	6	5	5	5	46.2369
3	6	6	7	4	52.652
3	6	5	5	5	48.433
3	4	4	4	4	36.8771
3	6	5	6	6	56.8201
5	5	4	4	4	45.6657
3	6	5	5	4	46.063
4	5	4	5	4	34.9887
4	6	5	5	4	48.4416
4	6	6	5	5	46.2091
1	4	3	4	4	11.2287
3	6	5	5	4	34.7516
2	5	4	4	4	40.1108
4	4	4	4	4	28.5397
5	6	4	5	4	50.8885
4	5	4	4	4	41.9933
2	4	4	4	3	24.9048
6	7	8	9	8	60.8859
6	7	6	6	7	61.7529
3	4	4	4	3	30.226
3	5	4	4	4	35.3783
4	4	4	4	4	27.6272
4	4	3	4	4	20.8014
3	8	7	6	5	48.9591
4	3	4	4	4	28.1254
4	4	2	2	3	7.9496
1	6	6	5	5	51.4654
4	4	3	4	5	32.0869
3	3	3	3	3	21.392
4	4	4	4	4	32.3002
4	4	4	4	4	28.1673
4	6	5	5	5	49.5236
13	8	7	9	7	60.9172
4	6	4	5	4	44.79
5	6	6	7	6	57.4092
3	5	4	5	4	15.4365
4	5	5	5	4	45.4819
1	3	3	3	3	10.7202
4	5	5	5	4	43.4241
4	6	6	6	5	48.4635
5	6	6	7	5	57.3923
3	4	4	4	4	34.6507
16	24	10	9	7	41.4895
3	5	4	4	4	39.1763
4	3	3	4	4	25.0358
4	4	3	4	3	21.8393
2	4	4	5	3	13.5093
4	7	5	5	5	48.4361
4	6	6	8	5	57.5849
5	7	6	7	5	54.6302
4	4	4	4	4	37.2883
3	6	4	5	4	35.7442
3	5	4	4	5	41.5206
4	6	4	5	5	45.3108
4	6	5	5	4	48.4792
3	6	5	6	4	51.6662
1	4	3	3	4	19.1089
6	9	8	10	4	62.3815
3	4	4	4	3	15.4183
5	5	5	6	6	50.5271
3	4	3	4	4	22.7838
3	4	4	4	4	32.5925
11	19	16	10	6	53.4884
1	4	3	3	3	5.43196
4	6	5	5	5	47.8265
5	5	4	5	4	42.1448
4	5	4	4	4	39.4492
4	6	6	6	4	55.7239
3	4	4	4	3	20.727
3	8	6	6	5	51.2198
3	4	4	4	4	33.0893
4	6	6	7	5	57.8628
6	7	6	7	7	59.1103
3	5	3	3	4	14.6198
4	6	5	6	4	46.5389
4	4	4	4	3	17.0381
4	4	4	5	3	28.2495
4	7	8	7	7	59.7024
1	7	6	6	4	50.1431
3	3	3	3	3	8.29054
4	4	3	4	4	33.705
4	6	4	4	4	39.7143
6	7	6	7	6	61.9268
5	6	6	6	6	58.6623
4	5	4	5	4	33.5076
4	4	4	5	4	30.2031
4	4	3	4	4	29.8546
5	6	5	7	6	56.5545
4	5	4	4	4	36.4143
4	6	4	4	4	37.216
6	7	6	8	7	57.4344
3	6	5	5	5	49.0133
3	6	5	5	5	44.1588
3	4	3	4	3	13.9452
4	6	4	4	4	43.5546
3	4	3	4	3	16.0589
6	6	7	9	5	59.059
5	6	5	6	5	49.3703
3	3	3	4	3	30.1463
5	5	5	5	4	48.8947
4	5	4	4	4	41.671
3	5	5	4	4	31.8496
3	4	3	3	3	24.5371
4	5	5	4	4	36.6915
5	7	5	7	7	58.9063
2	4	3	4	4	13.6962
2	4	3	4	4	33.8151
4	4	3	4	4	26.0346
4	4	4	4	4	26.0389
7	7	7	7	4	62.0597
6	6	5	6	6	56.9567
4	6	6	7	5	57.0134
3	6	5	4	4	37.9227
6	7	7	7	7	62.0711
4	6	6	5	5	46.5218
7	8	8	11	9	60.493
4	3	4	4	3	17.5008
4	4	3	3	4	12.5624
2	7	6	6	5	50.7435
4	6	5	5	5	44.0556
3	5	5	4	4	36.3697
4	5	4	4	4	40.1953
4	6	5	5	5	51.0517
3	3	3	4	4	11.1997
5	6	6	8	7	57.9256
4	6	5	5	5	50.9637
6	6	6	7	6	57.4396
4	5	4	4	4	39.0256
4	4	4	3	4	36.5557
4	4	3	4	3	9.29992
3	3	3	3	3	19.9506
3	6	6	5	5	47.2693
4	5	5	4	4	40.0704
5	6	7	7	5	54.915
4	4	3	4	4	27.4814
4	5	5	5	5	45.7634
4	5	5	4	5	41.664
1	8	4	7	3	62.6253
7	6	6	7	7	60.165
5	6	5	6	5	55.9733
3	5	4	3	3	39.0522
2	7	7	5	5	51.1404
4	5	5	5	5	46.9951
4	5	5	5	4	40.0978
4	6	6	6	5	56.6319
1	8	6	6	6	53.5311
4	5	4	4	4	35.12
3	5	4	4	4	29.911
3	5	5	4	4	42.7595
3	4	4	4	4	26.0939
3	4	3	3	3	11.6589
5	5	5	5	5	49.9496
3	4	4	4	4	30.3172
5	6	6	7	5	57.9802
4	4	3	4	4	24.7506
3	6	5	6	5	50.2306
4	7	6	5	5	51.0875
6	6	6	6	5	52.1996
4	5	4	5	4	30.4541
3	3	3	4	3	13.2348
3	5	4	4	4	40.2782
5	7	6	8	8	59.5924
4	5	5	4	5	42.5459
3	4	3	4	3	19.1378
4	5	5	4	4	42.4248
5	6	5	6	6	52.319
5	6	6	8	5	56.7291
5	6	6	6	5	56.2439
3	4	3	5	4	26.8406
3	5	5	5	5	48.8266
6	6	6	6	6	57.1842
5	6	6	6	3	46.0361
6	6	6	7	7	60.9132
3	4	4	3	4	13.2531
1	4	2	2	3	8.62672
3	5	3	4	4	13.8611
4	7	7	8	7	57.9034
2	5	3	4	4	35.8153
5	7	6	6	5	55.8219
3	4	3	4	3	15.6452
5	6	5	5	5	47.0303
5	6	6	6	5	51.8086
4	6	5	5	5	43.5581
7	8	7	7	3	62.22
4	5	4	3	4	40.9546
1	4	3	4	3	26.1697
7	7	7	8	8	60.8411
1	3	3	4	3	13.272
2	10	9	9	6	67.6009
5	5	5	6	5	53.5202
3	4	3	3	4	14.6092
3	4	4	4	4	16.5151
4	6	5	6	5	45.7076
3	5	4	4	4	37.4177
3	6	4	4	4	39.7495
3	4	3	4	4	12.1095
3	6	5	6	5	56.6806
5	7	6	8	9	61.5853
3	7	6	6	4	53.4349
5	6	6	5	5	52.0476
3	4	4	4	4	22.5163
4	6	5	5	5	40.8874
4	6	6	6	5	52.723
6	7	7	7	3	61.905
4	6	4	5	5	44.969
3	6	4	5	4	42.7484
4	6	6	6	5	50.5594
3	4	3	3	3	19.4565
3	4	3	5	4	28.9094
4	4	3	4	3	22.7469
2	4	3	3	4	20.4042
3	5	3	4	4	35.9199
3	4	3	4	3	33.309
3	4	3	4	4	11.6252
2	5	4	5	3	33.2376
5	6	5	4	4	41.0543
3	3	4	3	3	22.8367
2	7	5	6	4	51.6764
4	6	5	5	4	45.3536
4	6	4	4	1	39.2878
3	6	5	5	4	49.5818
3	5	4	4	4	29.5333
15	23	12	8	7	45.6388
6	7	6	7	7	58.7858
5	7	7	8	6	55.9498
3	6	5	4	4	37.1098
4	4	7	6	6	44.9652
3	6	4	4	4	40.8729
2	4	3	4	4	11.9501
3	5	5	4	4	35.9944
3	5	4	3	4	39.6472
3	4	3	4	4	10.3247
4	7	6	5	4	50.4674
4	5	4	4	4	44.992
2	4	4	2	3	7.1711
5	6	6	5	5	50.8342
3	6	6	7	4	55.2601
3	5	5	4	5	44.6176
3	5	4	4	4	38.6591
4	5	4	4	4	41.7297
6	7	6	7	9	60.9449
2	8	7	6	6	51.7444
1	4	3	3	3	14.9346
6	17	14	16	13	52.7275
6	7	7	9	4	61.1151
5	6	6	6	6	49.6506
6	7	6	8	5	61.9058
6	7	6	7	8	58.4057
5	5	5	5	4	45.902
5	7	6	7	6	56.6681
5	6	6	7	7	59.2583
3	6	4	5	4	44.0679
3	4	4	4	4	20.6449
4	6	6	6	5	49.3686
5	6	5	6	5	47.3144
4	6	5	5	4	42.0531
4	5	5	5	4	45.3305
2	4	3	3	3	10.8603
4	5	4	5	4	35.6549
4	6	5	4	5	50.2689
3	6	5	5	4	49.3013
3	4	4	5	4	34.0187
2	5	4	4	4	37.5486
5	7	7	8	5	55.9113
4	5	4	5	5	44.1615
2	4	4	4	4	19.8424
3	4	3	4	3	13.5488
3	4	3	4	4	20.3157
4	6	6	7	6	55.1662
3	4	3	4	4	22.6556
4	6	5	5	5	47.9713
4	4	4	4	4	32.895
2	6	5	5	4	48.0084
3	3	4	4	4	25.5882
1	7	7	7	7	57.8899
2	4	3	3	3	14.443
4	5	4	4	4	44.7117
4	4	3	4	4	29.7342
5	6	6	6	5	54.1461
4	3	3	4	4	25.5398
3	6	6	5	5	53.7614
3	6	5	4	4	46.1625
3	7	7	7	4	57.8658
3	3	3	3	4	11.0407
4	4	4	5	4	23.275
5	7	7	7	5	57.4073
3	4	4	4	4	34.7287
2	4	3	3	3	7.68723
4	4	4	4	4	29.1502
4	6	4	5	4	43.202
4	5	4	4	4	41.1745
1	3	3	3	3	9.44753
4	6	5	4	3	36.168
2	6	6	6	3	55.5185
3	4	3	4	3	33.2643
2	6	6	5	5	51.3293
6	7	7	9	8	59.7104
3	6	6	6	5	51.2017
4	5	5	5	4	46.0984
3	4	3	3	3	8.53869
3	4	3	3	3	18.0397
3	5	4	4	4	38.1138
7	7	7	8	3	61.6291
3	4	4	4	4	26.044
6	6	6	7	8	58.272
2	6	4	4	4	41.1134
2	4	3	4	4	32.1419
5	7	7	9	9	60.6902
7	7	7	7	3	61.9182
3	4	4	4	4	27.4917
3	6	5	6	4	56.2947
2	7	6	5	6	52.6062
5	7	6	7	5	55.5265
7	14	12	10	9	66.9859
2	4	4	4	3	36.6001
4	6	5	5	5	45.2467
4	5	5	5	5	43.9255
3	3	3	3	3	17.1522
4	6	6	6	4	55.2602
5	7	7	6	4	56.764
3	4	4	4	4	27.7436
3	4	4	4	4	20.4941
2	3	4	4	3	11.2792
3	4	4	4	4	25.679
1	3	3	3	3	7.36995
4	6	6	5	5	52.4323
4	6	4	4	4	37.4938
6	5	6	6	5	53.9706
4	6	5	5	4	46.3915
3	4	4	4	3	33.5159
3	6	5	6	4	53.1993
3	3	3	4	3	12.73
5	7	6	6	7	59.2079
4	6	4	5	5	47.2109
2	7	7	6	6	51.583
4	4	3	4	4	11.7339
3	4	4	4	4	25.9478
4	4	3	4	4	32.2927
4	7	5	5	1	42.3027
3	4	4	3	3	25.3877
4	4	3	4	3	20.1983
2	4	4	4	4	9.12676
4	6	5	5	5	52.0364
4	6	5	6	6	52.734
6	7	7	8	7	59.4547
1	6	5	4	4	46.7473
4	5	4	4	4	42.9212
4	6	6	6	5	55.6503
3	4	3	3	4	7.91435
3	4	3	4	4	29.9651
5	6	6	6	5	53.9382
4	5	4	4	4	42.4237
4	5	4	4	4	37.6831
4	7	6	6	5	53.5924
3	4	3	3	4	17.6066
5	6	6	7	6	56.3141
4	6	6	5	4	46.0249
5	5	5	5	4	46.8248
6	6	6	6	7	56.9557
7	6	6	7	7	59.1142
3	3	3	4	4	23.2273
4	5	4	4	4	39.3074
4	6	5	5	5	52.1906
5	7	6	7	5	54.27
1	4	4	3	4	29.0233
3	4	3	2	3	6.63792
14	17	16	16	8	58.781
4	6	4	4	4	45.5613
1	10	8	7	3	62.8876
5	6	5	4	5	48.7191
5	6	6	7	5	56.1675
6	8	7	10	3	61.4053
4	4	4	4	4	17.2283
3	6	5	5	4	46.1565
3	4	4	4	4	19.6562
6	6	6	8	7	56.7813
6	6	5	6	6	55.4113
2	8	6	6	6	52.2427
5	6	6	7	6	53.1781
4	5	4	3	3	38.6964
6	7	6	7	8	60.5467
4	4	3	3	4	22.9539
3	4	4	4	4	14.1576
3	4	4	4	4	16.9572
4	5	4	5	5	42.4964
1	4	4	4	3	9.34214
1	4	3	3	3	10.0806
3	5	4	3	3	38.8449
4	4	4	4	4	30.2094
3	6	4	3	4	38.4
3	5	5	5	5	32.7846
5	7	7	8	6	56.9349
3	4	4	4	3	30.9745
3	5	4	5	4	41.2749
4	5	4	5	4	44.0988
2	4	4	4	4	12.7841
4	5	4	4	4	35.84
4	5	4	5	4	32.1872
4	6	5	5	4	41.9538
6	7	7	9	10	59.2156
4	5	4	4	4	43.6625
3	4	4	4	4	22.0435
3	5	4	5	3	32.6045
3	5	4	4	4	36.3798
5	7	6	5	6	48.0117
4	5	4	4	4	37.0953
4	4	3	5	4	30.3842
3	5	4	4	4	29.8544
3	6	5	5	4	49.6185
12	11	8	9	11	62.0585
3	7	5	6	4	48.088
4	6	6	7	4	55.3951
4	7	6	6	5	57.1877
2	3	3	3	3	7.77936
4	6	4	5	5	44.6812
2	6	6	6	5	53.6076
3	5	4	4	4	36.2133
3	4	4	4	4	15.4521
4	4	3	4	4	22.8822
3	5	4	5	4	44.3754
4	4	3	4	3	20.889
3	4	3	4	3	26.9508
4	5	4	4	4	40.4663
6	7	7	9	9	60.0517
3	4	3	4	3	33.4101
4	5	5	5	4	50.8602
2	5	4	3	3	37.8821
3	5	3	4	4	35.6596
4	7	6	5	5	46.6175
3	5	4	3	4	39.8271
3	6	5	5	4	48.0951
5	6	5	6	5	55.2292
4	6	6	7	4	56.579
4	7	6	7	5	53.5729
4	5	5	6	5	42.6151
4	5	5	5	4	43.1927
6	6	7	7	8	58.9675
4	4	4	4	4	34.4689
7	7	6	7	7	61.2727
3	4	4	4	4	25.7618
1	4	4	3	4	7.39084
3	4	3	5	4	29.0859
4	6	6	6	5	52.604
1	6	5	5	3	41.5394
3	6	5	6	4	51.4484
3	4	4	4	4	14.4404
6	6	6	7	6	58.1096
5	6	7	7	5	54.9594
2	4	3	3	4	20.7344
1	5	3	3	3	35.4972
4	4	4	4	4	11.6449
5	6	6	6	5	56.486
4	6	4	5	5	40.6995
7	7	7	7	7	58.409
5	6	6	7	6	55.7296
4	4	4	4	5	27.2718
4	7	7	7	5	55.7257
4	4	3	3	4	15.0251
3	4	3	3	3	10.5084
4	6	4	5	4	46.9362
5	7	7	8	7	57.933
4	6	5	5	5	51.9611
4	5	5	5	5	49.1465
5	6	5	6	6	56.3613
3	4	4	4	4	25.8142
5	6	7	7	6	57.4972
2	5	4	3	3	40.126
2	6	5	5	4	43.5953
3	7	6	7	4	57.6062
4	5	3	3	4	39.085
4	4	4	4	4	41.2091
1	3	3	3	3	16.4984
6	7	7	8	5	60.6854
3	5	3	4	5	12.7017
3	4	3	4	3	12.9468
3	6	5	4	5	45.4595
4	5	5	4	4	35.7326
5	6	6	8	8	57.8026
3	6	4	5	5	43.9237
2	4	4	4	4	32.5761
4	5	4	4	4	36.6802
5	6	6	7	7	58.1461
3	6	5	5	4	48.4574
4	5	4	5	4	32.8016
5	6	6	6	5	55.0125
2	9	7	5	4	51.5032
3	6	5	5	4	50.0114
4	6	5	5	5	43.9927
6	7	6	7	7	58.8434
4	4	4	3	3	23.7974
1	8	6	5	5	50.3907
3	4	4	5	4	22.1883
5	6	6	6	5	51.6445
5	6	6	7	5	54.7341
3	4	4	4	4	35.5304
4	4	4	4	4	32.3402
2	4	3	4	3	10.7369
3	6	6	6	4	51.4961
2	4	3	3	4	31.2328
4	7	6	8	6	58.8389
4	4	4	4	4	27.479
3	4	3	4	4	28.4476
4	5	5	4	4	36.771
3	4	3	4	4	14.941
4	4	4	4	4	27.4662
4	4	3	3	4	27.7866
4	6	6	6	6	41.3354
4	4	4	4	4	32.948
6	6	7	8	8	60.996
4	3	3	3	3	18.5855
5	7	6	8	7	59.59
3	4	3	4	4	10.925
4	4	3	3	4	10.6638
3	3	3	3	3	14.5297
4	5	4	4	3	29.3103
3	4	4	4	3	35.7892
4	5	5	4	4	41.5956
4	3	4	4	3	18.8926
6	6	6	7	7	59.539
5	6	6	7	3	61.5
4	4	4	4	4	16.3039
2	6	5	4	4	38.9802
3	6	3	3	3	38.8243
3	6	5	5	3	41.8197
2	6	5	5	4	47.7828
6	7	7	7	7	60.4921
4	4	4	5	4	30.858
3	5	4	4	3	32.3187
4	6	5	5	5	39.7777
2	4	3	4	3	11.2325
4	7	6	7	5	57.53
4	5	5	5	4	43.1201
4	6	7	8	5	58.1703
3	3	3	4	3	21.6498
5	7	7	9	9	61.7479
3	4	3	3	3	14.1953
3	4	3	5	4	14.8594
3	4	3	3	3	16.8601
3	4	3	4	4	16.4453
6	6	6	7	6	59.0423
3	6	4	5	3	30.081
5	7	6	8	9	60.252
3	5	3	4	4	35.7899
4	6	5	6	5	51.5994
3	5	4	5	4	33.789
4	7	6	7	6	58.792
2	4	3	4	4	10.3289
4	6	6	7	5	53.9441
3	4	3	4	4	18.8481
3	5	4	4	4	9.25437
3	4	3	4	4	32.5252
3	6	4	4	4	43.4044
5	7	6	7	7	58.7863
3	6	5	5	4	50.847
3	6	5	4	5	41.6454
7	6	6	7	7	60.2405
4	4	4	5	4	23.1361
3	5	4	3	4	36.8562
5	5	5	5	4	33.5291
3	3	3	4	4	34.1357
1	9	7	8	1	47.5897
4	4	3	4	3	14.1629
3	6	5	5	5	52.936
3	7	6	8	4	56.0253
2	4	3	3	4	10.4475
3	6	5	5	5	50.5119
4	5	4	4	4	33.0249
4	5	5	4	4	35.8207
3	4	3	4	4	10.9816
3	3	4	4	4	23.6215
4	4	4	4	3	36.1786
4	5	4	4	4	44.9585
4	5	4	5	5	43.4537
2	6	5	5	4	46.8618
3	4	3	4	4	26.5325
4	6	6	7	5	57.4978
3	4	3	4	4	15.9082
2	6	5	6	5	55.6781
4	6	6	6	5	53.6573
5	7	8	9	3	61.2992
4	7	6	5	5	48.5535
4	6	6	6	5	49.8635
4	4	3	3	3	17.5633
4	4	4	4	4	30.501
3	5	3	3	3	40.9341
5	6	5	5	5	44.6858
4	7	6	8	6	56.9761
4	5	4	5	4	36.0559
4	3	3	4	4	24.8948
2	6	5	5	4	52.4059
4	6	6	7	4	55.04
4	4	3	3	3	11.2183
4	5	4	4	4	39.9417
4	4	4	5	4	33.8876
4	6	6	7	5	56.0974
3	4	4	4	4	27.6345
5	6	5	5	5	49.16
6	6	5	7	5	56.6006
12	19	13	8	6	43.2635
2	3	3	3	3	11.6807
2	4	4	4	4	13.9958
6	7	6	7	6	54.19
4	6	6	6	6	55.4256
16	21	18	16	12	57.8268
3	4	3	3	4	10.4452
3	4	4	4	4	25.5603
7	8	7	8	2	62.6008
5	6	6	7	5	54.5111
4	6	5	5	5	51.9159
5	7	8	9	8	57.9373
3	6	4	5	5	45.1276
2	5	4	4	4	38.5972
6	17	14	13	7	66.7462
6	6	7	7	9	62.1049
5	6	6	8	5	57.3625
4	6	4	4	5	47.0908
3	4	4	4	4	28.9882
3	6	4	5	4	45.8491
3	4	4	4	4	26.5901
3	3	4	4	3	22.2773
4	4	4	3	3	36.8064
4	5	5	4	4	39.7378
4	5	5	5	4	44.2218
6	6	6	6	5	54.2833
4	5	4	4	4	34.6773
5	6	6	6	5	52.2331
3	6	5	5	4	42.5668
1	7	6	7	6	52.8114
5	7	7	8	7	58.7326
4	5	4	4	4	35.964
4	6	5	6	5	50.7703
3	4	4	4	4	29.3826
3	5	4	4	4	32.3027
4	5	5	5	5	53.6846
5	7	7	9	7	57.7326
3	6	5	5	5	47.1206
4	5	4	4	5	42.0783
4	6	6	7	5	56.6884
3	4	4	5	5	24.7994
3	6	6	7	5	57.532
1	6	5	6	6	56.0338
1	4	3	4	4	12.4465
4	6	5	5	4	38.8709
4	6	6	7	5	56.6035
5	6	6	7	7	57.599
3	4	4	4	3	35.3729
3	4	4	4	4	20.2709
1	6	4	4	4	41.8753
4	6	4	5	5	41.5765
3	4	3	4	3	12.3634
3	4	4	4	4	27.1232
4	6	7	7	5	52.9939
4	5	4	3	3	40.5559
4	5	5	5	4	48.432
3	4	3	3	4	23.3126
4	6	6	7	5	56.4008
4	6	4	4	4	46.4847
2	5	4	4	4	32.0217
2	5	4	4	4	42.6227
1	4	3	2	3	9.19817
4	6	5	5	5	49.4724
4	4	4	5	4	20.2285
3	4	4	4	5	25.1212
5	7	6	7	6	58.3741
3	4	3	5	4	18.1777
2	4	3	3	4	11.7638
3	5	4	4	4	38.9984
3	7	5	5	4	42.0605
3	5	4	4	4	38.641
5	5	4	5	5	45.5329
4	5	3	3	4	41.2775
4	5	4	4	4	33.8773
4	4	4	4	4	38.1398
4	6	5	5	5	48.1387
6	6	6	7	6	52.7688
4	5	5	6	5	52.3924
3	4	4	4	3	16.9621
3	5	4	3	4	14.4687
3	3	3	3	4	24.5326
5	6	7	8	7	58.7069
4	3	3	4	4	25.0774
3	7	6	5	5	51.5774
4	5	4	4	4	37.5559
3	5	4	3	4	37.3339
5	5	5	5	5	41.4163
4	5	5	5	5	44.8242
3	5	3	3	3	37.352
5	7	6	7	6	56.5949
4	4	4	5	5	31.1202
4	5	4	5	4	42.2981
2	4	4	4	3	14.4408
1	4	4	4	4	28.4331
4	4	3	5	4	43.0313
3	4	4	4	4	28.2535
4	7	6	7	5	52.8554
2	4	4	3	4	13.1658
4	5	4	5	4	43.0309
3	4	4	4	4	25.4084
3	4	3	3	3	30.6072
5	6	6	6	5	54.5926
3	3	3	3	3	19.7063
3	4	3	4	4	23.5899
4	4	4	4	3	28.5218
4	6	5	6	5	46.5327
3	6	4	4	5	39.093
1	8	6	7	7	56.0122
2	4	3	5	4	16.3364
5	7	8	9	11	56.0853
3	5	4	4	4	42.1086
5	7	6	7	6	56.134
4	4	3	4	3	13.6419
2	6	4	3	4	39.295
4	7	7	7	7	60.3985
5	6	5	7	6	52.3227
4	5	4	3	3	29.603
1	4	2	4	4	7.96651
3	3	3	3	3	19.0543
5	6	5	6	5	54.8662
4	6	5	6	5	53.7349
4	6	5	5	5	46.3559
4	5	4	5	4	33.2481
4	4	4	5	4	33.1559
2	4	3	4	3	29.606
3	4	4	4	3	19.7052
3	3	4	3	4	20.9708
373	521	461	492	427	
<E0>	<E1>	<E2>	<E3>	<E4>
86.4333	114.162	107.531	107.505	94.8156	
