###################################################################################################
# Charge calibration taking into account only the preamplifiers' response. The reference point is 
# the first channel of the first preamplifier 21119 (with DIG 22642).
# The calibration factors are ordered by the preamplifier channels (1st line: ch0, 2nd line: ch1, 
# etc).
# The calibration function is y=a*x where a is the calibration parameter
###################################################################################################
# 18-28 July 2022
# 
# PA ID: 21119 (coupled with Digitizer ID: 22642)
21119
#
1.00000	
1.01239	
1.00543	
0.97820	
0.99483	
1.00784	
1.01872	
1.00063	
0.99913	
0.98692	
0.99691	
1.00819	
1.00614	
0.98791	
0.99857	
0.99442	
0.97770	
0.97994	
0.97352	
0.97481	
0.99770	
0.97541	
0.99809	
0.97774	
0.98859	
0.98920	
0.96928	
0.97379	
0.98216	
0.99023	
0.99476	
0.97934	
1.00550	
0.95814	
1.00297	
1.01175	
1.00220	
1.00791	
0.99084	
0.98263	
1.00389	
1.00997	
1.00255	
1.01261	
0.99469	
0.98818	
1.01275	
1.01793	
0.97138	
0.97621	
0.99242	
1.02719	
0.99297	
0.99452	
0.98162	
1.00529	
1.03752	
0.97046	
1.02228	
0.98189	
1.01211	
0.98607	
1.02741	
0.99518	
#
# PA ID: 21114 (coupled with Digitizer ID: 22643)
21114
#
0.99628	
1.01004	
1.00819	
1.01025	
1.00297	
0.98317	
0.98445	
0.98641	
1.00171	
1.00129	
1.00897	
0.98845	
0.97111	
1.00206	
1.00734	
1.00543	
1.02032	
1.02272	
1.00445	
1.02866	
1.03132	
1.01182	
1.02969	
1.01753	
1.02623	
0.99864	
0.99677	
0.99948	
1.02605	
0.99962	
1.01282	
0.97455	
0.99483	
0.98155	
0.98078	
0.97270	
0.98162	
0.98968	
1.00515	
0.98900	
1.00635	
0.98730	
1.01153	
1.01587	
1.00536	
1.00424	
1.02061	
0.99948	
1.02264	
1.01089	
0.99614	
1.02403	
0.99628	
1.00375	
1.00791	
1.00848	
1.02257	
0.99809	
1.02221	
1.01684	
1.01814	
1.04341	
1.02851	
1.01959	
#
# PA ID: 21113 (coupled with Digitizer ID: 22644)
21113
#
0.98236	
1.00911	
1.00047	
0.98098	
0.99587	
1.02131	
1.01476	
0.99225	
1.01821	
0.98243	
1.00656	
0.98398	
0.99078	
0.98269	
0.98046	
0.97689	
0.98236	
1.01311	
0.98784	
0.99594	
1.01731	
1.02531	
0.98614	
0.98645	
0.98702	
0.98048	
0.98723	
0.96731	
0.98014	
0.99490	
0.96601	
0.98777	
0.99864	
0.98189	
0.95539	
0.98225	
0.98225	
0.98225	
0.98225	
1.00911	
0.99875	
0.98403	
0.98781	
0.99089	
0.97570	
0.97683	
0.99702	
0.98646	
0.98088	
1.00010	
0.98225	
0.98225	
0.98225	
0.98225	
0.98225	
0.99875	
0.98838	
0.97967	
0.99594	
0.98584	
0.96556	
0.98811	
1.00593	
0.96699	
#
# PA ID: 21115 (coupled with Digitizer ID: 22645)
21115
#
1.00713	
0.99518	
1.00045	
1.02104	
0.99895	
1.02345	
0.99760	
1.01655	
0.98587	
0.97289	
1.00805	
1.00108	
1.00926	
0.99781	
1.00536	
0.99449	
1.00375	
0.98323	
0.97309	
1.03170	
0.97355	
0.98202	
0.99160	
0.98873	
0.98431	
0.98533	
0.98088	
0.99167	
0.97177	
0.97128	
0.96335	
0.99428	
0.99809	
1.00837	
0.99043	
1.00997	
0.98418	
1.00185	
1.02130	
1.00901	
1.01706	
0.99878	
0.97900	
1.00164	
1.00805	
1.03222	
1.00727	
1.01096	
0.99545	
0.96549	
1.02425	
0.98048	
0.99608	
0.95865	
1.05819	
0.97954	
1.00382	
1.02535	
0.99566	
0.99242	
0.97867	
1.00713	
1.00593	
0.98907	
#
# PA ID: 21110 (coupled with Digitizer ID: 22646)
21110
#
1.00894
0.98122
0.99892
0.99802
0.98989
1.01901
0.99504
0.99892
1.00276
0.98236
0.99483
0.99490
1.00770
1.00855
0.99760
0.98764
0.99153
0.99064
0.97700
0.96419
0.97934
0.97687
0.98927
1.01196
1.01111
0.96051
0.98995
1.01161
0.99228
0.99725
1.02126
0.97727
0.97448
0.99504
0.99822
0.97787
0.97921
1.00678
0.99187
0.98239
1.00192
0.99767
1.00087
1.00635
0.97204
1.00466
1.01706
1.01981
0.98696
0.97283
1.01677
1.01203
1.00346
0.99760
0.98418
0.99476
0.99249
0.99180
0.98540
0.99125
0.99962
0.96309
1.00094
1.00876
